"N_etrs89" "E_etrs89" "FE300ME" "BOTTOMCLS" "DIS_SAND" "ICELAST09" "RIVERS" "SAL910WIN" "DIST20M" "CHL_A" "TEMP09M" "SALT09M"
4632492 4875736 7443 1 17 16 12053 3.5246 152308 36.31 4.06370474584401 2.79378563707525
4632150 4876171 7378 5 17 16 12002 3.5246 148793 36.4 4.01650762488417 2.7808950319664
4633801 4875794 30121 1 17 16 14062 3.5348 160970 36.31 4.01228661767461 2.77937772057273
4637652 4878980 7631 5 15 16 18521 3.5348 71396 36.31 3.96088995500224 2.71972830198026
4637717 4878414 7537 1 15 16 18458 3.5348 91882 36.31 4.02286596757913 2.72448949550578
4638320 4879176 3290 1 14 16 18515 3.5348 79882 36.31 3.96235788527845 2.71703556837604
4638232 4879295 3290 5 15 16 18515 3.5348 79882 36.31 3.96235788527845 2.71703556837604
4638847 4879480 7950 1 15 16 18128 3.5348 82970 36.31 3.96235788527845 2.71703556837604
4638906 4880438 16612 4 15 16 16866 3.5348 50485 36.47 3.85522673486481 2.72587876859844
4641060 4873400 5465 3 18 18 9822 3.4898 249587 35.97 4.02550905912429 2.50207268588789
4641175 4873568 178 3 18 18 9472 3.4898 235102 35.97 3.98061912106717 2.53889252027889
4641889 4873385 5071 4 18 18 8351 3.4898 227646 35.97 3.89141751581149 2.59022657525198
4638997 4875494 1125 3 17 18 12021 3.4898 280617 35.97 4.02550905912429 2.50207268588789
4639117 4875123 6600 4 17 18 11709 3.4898 285587 35.97 4.02550905912429 2.50207268588789
4301813 4715791 27150 1 41 7 11427 5.9038 22970 37.08 5.90279895002909 4.84292609613645
4301704 4715733 27150 5 41 7 11427 5.9038 22970 37.08 5.90279895002909 4.84292609613645
4309395 4710829 1875 4 45 7 10106 5.8861 8485 36.61 6.46085465864646 4.6007477377628
4315630 4711081 6571 1 44 7 14204 5.8861 48000 35.48 5.73542887398467 4.58948230734698
4309345 4710647 1987 4 44 7 9956 5.8861 8485 36.61 6.46085465864646 4.6007477377628
4308742 4708348 1256 4 47 15 10422 5.8705 60000 36.87 5.84149148021716 4.87194250697147
4315640 4711084 6571 1 44 7 14204 5.8861 48000 35.48 5.73542887398467 4.58948230734698
4307410 4711970 6750 1 42 15 8230 5.8861 6000 36.61 6.27737971827418 4.77921683240766
4606556 4975161 3112 1 11 18 19387 3.9841 125823 42.39 4.78516583767545 3.18955082615677
4605685 4974799 26053 4 10 18 18513 3.9841 118793 42.57 4.78750745999394 3.19023940167575
4606678 4974493 42506 4 10 18 19086 3.9841 99338 42.39 4.74775330350577 3.19593746474589
4603918 4975559 25275 1 11 18 17726 3.9841 183764 42.57 4.89860719702379 3.17232120756766
4603330 4974771 10209 5 12 18 16578 3.9841 185823 42.57 4.89666158346331 3.17502090736417
4603181 4974579 10209 5 12 18 16366 3.9841 186676 42.9 4.90745570584133 3.17176116074842
4602892 4974929 346 1 12 18 16541 3.9841 195161 42.97 5.00523268806765 3.13811194911481
4602494 4975324 11746 1 13 18 16805 3.9841 218132 42.97 5.00523268806765 3.13811194911481
4616167 4974174 496 1 5 18 10275 3.9186 126426 41.35 4.870942195878 3.14844056151719
4616295 4974163 37050 1 5 18 10293 3.9186 128911 41.35 4.870942195878 3.14844056151719
4616973 4973808 35906 4 6 18 10679 3.9186 105941 41.35 4.870942195878 3.14844056151719
4615942 4975760 32521 1 5 17 8294 3.9186 151455 41.23 4.88174559590472 3.13767271455053
4616176 4975656 27600 4 4 17 8718 3.9186 134485 41.23 4.88174559590472 3.13767271455053
4613938 4979250 26962 1 7 17 4817 3.8883 254308 41.3 4.98994634493466 3.04524969284508
4603794 4975486 9009 1 11 18 17514 3.9841 183764 42.57 4.89860719702379 3.17232120756766
4354054 4917420 6956 4 78 13 11359 6.3237 112367 24.46 6.88501781944795 5.08295708942558
4353825 4915609 98953 4 79 13 12523 6.3239 92485 24.12 6.88179962798244 5.11777096791931
4353071 4915632 100218 5 79 13 12819 6.3239 111941 24.12 6.86704172182755 5.10572743274717
4353255 4916489 27018 4 79 13 12899 6.3239 115455 24.12 6.87051250484915 5.08180717536803
4352728 4916865 34321 4 79 13 12115 6.3237 103882 23.2 6.87051250484915 5.08180717536803
4352606 4916913 40021 4 79 13 12115 6.3237 103882 23.2 6.87051250484915 5.08180717536803
4351871 4916877 86606 4 78 13 11138 6.3237 85882 23.2 6.84640216406662 5.08644066611043
4352424 4919191 68362 4 78 13 8613 6.3237 153338 23.46 6.87007657656044 5.03428321722654
4352905 4919040 32118 4 78 13 9211 6.3237 148793 23.46 6.87522175220133 5.05468516814188
4353577 4923735 30928 4 79 15 4883 6.3237 290308 21.95 6.87121946043272 4.95402387990231
4353662 4923688 30928 4 79 15 4883 6.3237 290308 21.95 6.85476584505429 4.95025014283317
4353676 4923632 30928 2 79 15 4883 6.3237 290308 21.95 6.85476584505429 4.95025014283317
4352565 4924008 51412 5 79 15 3963 6.3237 280367 21.95 6.87867130967684 4.93303532402407
4352587 4924045 51412 5 79 15 3963 6.3237 289882 21.95 6.87867130967684 4.93303532402407
4352535 4923991 51412 5 79 15 3963 6.3237 280367 21.95 6.87867130967684 4.93303532402407
4536025 4818374 17756 4 12 13 5445 4.557 68911 30.96 4.89633429279307 3.0616499713568
4537208 4818003 459 3 12 13 5489 4.557 91455 30.99 4.89633429279307 3.0616499713568
4537387 4817925 459 3 12 13 5339 4.557 102000 30.99 4.89633429279307 3.0616499713568
4539035 4817110 243 3 11 13 3701 4.2524 129941 31.03 4.90205415442602 3.01422427316744
4540660 4816873 8212 1 11 13 2325 4.2524 149823 31.07 4.88612405261405 2.93615129037434
4540882 4817002 8212 3 11 13 1901 4.2524 140308 31.07 4.88612405261405 2.93615129037434
4542101 4817022 20662 1 11 13 1144 4.2524 158735 31.07 4.89799946971076 2.91916681481843
4542054 4821707 62381 4 13 13 1928 4.2524 72000 31.14 4.82333279722309 2.87917841872058
4542586 4821489 48421 1 13 13 2440 4.2524 86485 31.16 4.83536140420335 2.88912863299779
4543728 4819704 15496 1 13 13 319 4.2524 148367 31.16 4.90896253897584 2.89416414347982
4543661 4819968 38418 1 13 13 319 4.2524 139882 31.16 4.90896253897583 2.89416414347982
4541868 4816876 16621 1 11 13 1106 4.2524 152735 31.07 4.89799946971076 2.91916681481843
4536353 4815317 50803 1 13 15 2076 4.557 108852 31.01 4.9227996837229 3.04517329455904
4536542 4815819 11193 1 14 15 2701 4.557 98911 30.98 4.9227996837229 3.04517329455904
4450810 4750933 37 4 34 16 25501 5.7149 6000 28.03 4.86869286813519 4.33035091197852
4458391 4753796 815 4 31 13 13186 5.6693 6000 28.02 4.53958702571859 4.25460946947487
4455851 4743533 196 4 35 16 7848 5.6462 18000 28.5 4.18214856772398 4.30403573778097
4449638 4751787 103 5 35 13 28647 5.7149 14485 27.95 4.86869286813519 4.33035091197852
4449051 4749092 6796 1 35 13 30633 5.7149 22970 27.95 4.86869286813519 4.33035091197852
4452815 4750030 356 4 33 16 25021 5.7149 6000 28.03 4.72844697873346 4.30773295727238
4481171 4869286 36628 4 66 15 39326 5.6686 107396 28.42 5.93480908095277 4.64581523960875
4472731 4871060 31340 4 69 17 36129 5.6686 205279 28.26 5.97954402712535 4.70299126285603
4472937 4870861 31340 4 69 17 36129 5.6686 205279 28.26 5.97954402712535 4.70299126285603
4480802 4868939 48215 5 67 13 39274 5.6686 62485 28.36 5.92618274695379 4.66421201877639
4542492 4933065 26681 1 6 17 8743 4.4885 129338 39 5.39445607110894 3.41892453439138
4540855 4933287 9271 1 7 17 7851 4.4885 177338 39 5.4418461978109 3.41670998099094
4540746 4933096 9393 1 7 17 8185 4.4885 174852 39 5.4427815549196 3.4171895500441
4540577 4932635 14700 1 7 17 8787 4.4885 175882 39 5.44624334383471 3.41896445164778
4540613 4932437 14700 1 7 17 8875 4.4885 173396 39 5.44624334383471 3.41896445164778
4541272 4931848 38428 4 8 16 9560 4.4885 141941 39 5.38961080368398 3.42037603704399
4541173 4931997 38428 4 8 16 9014 4.4885 144426 39 5.38961080368398 3.42037603704399
4540742 4932158 40246 4 7 16 9175 4.4885 165941 39 5.44624334383471 3.41896445164778
4539723 4929997 22846 1 6 16 11754 4.4885 133455 39 5.41792675152631 3.44328663316896
4539720 4929821 22846 1 6 16 11816 4.4885 127455 39 5.41777368732513 3.44338793107182
4539508 4929284 7312 1 6 16 12557 4.4885 111941 39 5.41398919921784 3.44527881010231
4539402 4929179 12909 1 6 16 12557 4.4885 111941 39 5.41398919921784 3.44527881010231
4540187 4928387 33853 4 7 16 13437 4.4885 82970 38.96 5.32829063408709 3.46583336627361
4540228 4928524 43303 4 7 16 13779 4.4885 82970 38.96 5.32829063408709 3.46583336627361
4539667 4928749 30806 1 6 16 13085 4.4885 97455 39 5.39022525935279 3.45029802669987
4540426 4928848 12637 5 6 16 12450 4.4885 103455 38.96 5.39022525935279 3.45029802669987
4539202 4928346 21937 4 7 17 13936 4.4885 84426 39 5.35321908267303 3.46351137271186
4543792 4925659 64068 4 8 13 16482 4.4885 16970 38.8 5.00762360000808 3.5042647028873
4539892 4930832 17343 4 7 16 10686 4.4885 166367 39 5.44816774614788 3.4232731400604
4539944 4930621 28359 4 7 16 10986 4.4885 155396 39 5.44816774614788 3.4232731400604
4539720 4928765 30806 1 6 16 13085 4.4885 97455 39 5.39022525935279 3.45029802669987
4540454 4928476 43303 4 7 16 13025 4.4885 86485 38.96 5.32829063408709 3.46583336627361
4543690 4925910 57440 4 8 13 16493 4.4885 22970 38.8 5.00762360000808 3.5042647028873
4497092 4902221 515 5 42 18 15466 5.1143 605896 29.37 5.77700806499457 4.10253380778351
4497945 4899229 7696 4 41 18 18539 5.1143 464132 28.96 5.73340247473142 4.07711727894078
4497410 4901232 121 5 45 18 16060 5.1143 571955 29.37 5.7738054260821 4.09835136813218
4324050 4930452 62212 4 79 10 13817 6.406 155396 18.62 7.11549867131066 5.10598645882845
4323872 4930168 50165 4 79 10 13842 6.406 158911 18.62 7.01441457013977 5.09328969427854
4322014 4932459 35203 1 82 9 17023 6.4079 241455 19.29 7.24075716121177 5.14230198728136
4564457 4846914 290 4 35 18 15176 3.6144 205882 33.44 4.66186455891888 3.11446478903617
4567766 4846905 1809 5 34 16 14956 3.534 204852 33.45 4.65049800753455 3.12046686977576
4568417 4848729 112 4 34 16 10482 3.534 127455 33.56 4.62712099133571 3.1166949817899
4584915 4854570 22715 4 30 16 6348 3.5123 50485 35.03 4.39494925496058 3.03068532278289
4583479 4854910 7059 0 30 15 3391 3.5123 34970 34.98 4.39494925496058 3.03068532278289
4578904 4851393 543 4 32 16 2993 3.534 121455 34.35 4.45577446271306 3.06244770685832
4573024 4851049 4021 4 31 16 3389 3.534 87941 34.13 4.49577391939238 3.08580662264968
4560961 4846545 31762 4 28 18 9206 3.6144 170308 33.07 4.81797738439766 3.14331112894912
4581746 4853481 19087 4 30 16 589 3.5123 51941 34.69 4.4342331956867 3.04709081680363
4579606 4852488 6440 4 31 16 2877 3.534 62485 34.57 4.44291324071548 3.05080158540219
4575631 4851306 15834 4 31 16 330 3.534 126852 34.24 4.4455967000562 3.07259143374496
4608328 4858410 22893 3 26 17 4162 3.5144 118367 35.53 4.19695744500309 2.94955027806422
4606088 4858261 7012 4 25 17 6225 3.5144 67455 35.41 4.11787139725444 2.89436961724178
4609326 4862079 7162 4 27 15 4958 3.5318 65396 35.71 4.18849104399013 2.95199974567521
4604207 4857880 15065 4 26 16 4277 3.5177 42000 35.41 4.20150465784348 2.93343924031518
4465529 4744781 187 3 41 16 14228 5.6101 14485 28.46 4.48226061172847 4.27677195816184
4409714 4728249 8278 5 38 13 5232 5.7819 6000 29.15 5.12886122614145 4.1616514451576
4410032 4729111 8503 5 37 13 4138 5.7819 6000 29.15 5.12886122614145 4.1616514451576
4410660 4728247 37 4 38 13 5436 5.7819 14485 29.15 5.12886122614145 4.1616514451576
4407796 4730703 2156 3 36 9 6099 5.7819 6000 28.81 4.96663928615423 4.18990603102412
4413477 4735308 4996 4 41 9 14267 5.7819 12000 28.69 4.93507113587665 4.10853950184047
4415989 4733321 5193 5 42 9 10648 5.7644 6000 29.01 4.79677672785209 4.00765031317884
4445109 4739164 28 1 51 16 30745 5.7288 22970 28.52 5.06874198047893 4.40459741119806
4445146 4745924 65 5 45 15 26683 5.7149 72426 28.34 5.15581268206611 4.37450427529799
4439721 4739764 37 4 50 16 29486 5.7288 24000 28.59 5.07972391875404 4.28581815054922
4514462 4783934 20193 1 18 15 302 5.2406 26485 29.93 4.67374017353524 3.66379409482561
4501458 4783165 10528 5 20 17 7769 5.2406 67455 29.24 4.80953209432999 3.75255709507711
4304989 4933985 1481 5 90 15 8275 6.4681 300073 30.3 7.51686995769992 5.39254406726721
4304984 4933990 1481 5 90 15 8275 6.4681 300073 30.3 7.51686995769992 5.39254406726721
4305450 4934405 768 4 91 15 8210 6.4681 309587 30.3 7.51686995769992 5.39254406726721
4347849 4924249 42028 4 78 15 9015 6.3237 227396 20.41 6.87402079993182 4.83797965688019
4346683 4927403 16415 5 80 15 9509 6.3388 454367 18.25 6.87330040155035 4.75275368401499
4533090 4909637 19631 4 26 11 28331 4.6911 137823 38.47 5.11712499549895 3.615817973108
4532196 4909069 1640 5 27 17 27835 4.6911 231381 38.47 5.11342122906418 3.70420585942618
4530239 4908080 15946 5 26 17 25724 4.6911 170911 37.9 5.18349188154531 3.69537038719999
4530523 4910572 2568 4 26 17 26714 4.6911 146308 38.47 5.1333551747079 3.60674474986487
4529664 4910770 14896 5 24 17 24286 4.6911 148367 38.39 5.22144328940024 3.66027986675778
4531352 4906140 4546 4 31 17 28806 4.6911 81941 37.71 5.04048593740418 3.71628901049094
4532126 4905431 22340 4 29 9 29269 4.6911 31455 37.71 4.99777338972674 3.64794562317075
4532508 4905153 40059 5 29 9 29657 4.6911 22970 37.73 4.91812857430761 3.67211851403385
4532289 4906434 42009 5 28 13 29960 4.6911 55455 38.04 4.99777338972674 3.64794562317075
4526745 4909743 17540 4 25 17 21652 4.6911 152308 38.26 5.25365202168955 3.68448795424226
4522442 4908629 5643 0 25 16 17675 4.6911 148970 37.31 5.32396403959436 3.6803639581968
4520175 4890734 29681 4 47 16 33788 4.7126 37455 34.45 5.37440500556854 3.83017923519441
4520529 4891594 23803 5 45 13 32536 4.7126 26485 34.45 5.33973217834083 3.83413598099851
4520302 4888052 17868 4 50 13 36285 4.7126 84426 33.78 5.48259953684146 3.83472794632308
4521046 4906883 17625 4 28 16 17851 4.7172 191220 37.01 5.35408059789231 3.70337429550394
4519922 4906808 4350 4 29 16 17163 4.8881 225941 37.01 5.36204117655696 3.70626325042723
4530491 4909464 9590 5 25 17 26145 4.6911 183338 38.47 5.11342122906418 3.70420585942618
4598248 4952144 75365 5 27 16 15477 4.055 86911 42.35 4.75302053575556 3.28904261682437
4596435 4949810 59606 5 26 16 15221 4.055 78426 42.8 4.86318279134214 3.28315725600467
4590720 4950246 478 5 25 18 13617 4.1299 194735 43.82 4.99881224844945 3.27887733576253
4590452 4951749 75 4 26 17 13119 4.1299 250190 44.26 5.00097922990499 3.27405232217034
4593112 4946721 5409 5 25 16 16755 4.1299 68911 43.59 4.96475912271934 3.2913968915856
4592219 4945520 45084 5 24 18 18713 4.1299 51941 43.18 4.96145561588342 3.29484716949459
4591656 4945748 3215 4 24 18 17556 4.1299 63941 43.61 4.97640496580255 3.29716053930224
4586901 4948384 571 0 24 18 17844 4.1299 218308 44.18 5.02820152862786 3.32197464544128
4585863 4949299 309 4 25 18 18821 4.2078 270249 44.33 5.02820152862786 3.32197464544128
4586930 4942458 69843 5 19 16 22637 4.1305 31455 43.26 4.92854168930171 3.32485211997849
4585187 4947172 468 4 24 18 21208 4.2078 188735 43.99 5.02820152862786 3.32197464544128
4584108 4950001 703 5 26 18 21017 4.2078 331705 44.33 5.02342376169024 3.32130055531683
4583054 4942202 21487 5 17 18 24863 4.1305 62485 42.92 4.9381967128303 3.32934779506196
4579862 4942726 21075 4 16 18 28230 4.2262 102426 43.12 4.94308824671786 3.33167029384367
4573416 4940120 5887 1 9 18 25389 4.2262 31455 41.86 4.82478658496748 3.33174592583454
4576928 4941120 52640 4 12 17 29119 4.2262 33941 42.64 4.83435088591654 3.33521112665079
4540925 4933379 9271 1 7 17 7851 4.4885 177338 39 5.4418461978109 3.41670998099094
4540897 4933355 9271 1 7 17 7851 4.4885 177338 39 5.4418461978109 3.41670998099094
4542508 4933076 26681 1 7 17 8743 4.4885 129338 39 5.39445607110894 3.41892453439138
4540894 4933365 9271 1 7 17 7851 4.4885 177338 39 5.4418461978109 3.41670998099094
4540823 4933277 9271 1 7 17 8063 4.4885 177338 39 5.4418461978109 3.41670998099094
4540727 4933112 9393 1 7 17 8185 4.4885 174852 39 5.4427815549196 3.4171895500441
4540669 4933010 9393 1 7 17 8275 4.4885 178367 39 5.4427815549196 3.4171895500441
4540709 4933017 9393 1 7 17 8275 4.4885 178367 39 5.4427815549196 3.4171895500441
4541043 4932075 40246 4 7 16 9051 4.4885 152911 39 5.44624334383471 3.41896445164778
4538680 4935946 56 5 10 17 4394 4.5867 282676 39 5.44958215762574 3.41194722133385
4537992 4936634 346 4 11 17 4676 4.5867 314132 39 5.44958215762574 3.41194722133385
4536248 4925965 4462 4 10 17 17100 4.4753 63941 39 5.2751963489597 3.48669581241007
4536753 4925569 15403 4 12 17 19020 4.4753 28970 38.96 5.2751963489597 3.48669581241007
4538017 4925556 28865 4 10 17 16894 4.4753 22970 38.96 5.04036228693409 3.53458328441677
4539706 4928757 30806 1 6 16 13085 4.4885 97455 39 5.39022525935279 3.45029802669987
4540397 4928477 43303 4 7 16 13025 4.4885 86485 38.96 5.32829063408709 3.46583336627361
4540229 4928523 43303 4 7 16 13779 4.4885 82970 38.96 5.32829063408709 3.46583336627361
4541317 4931861 33046 4 8 16 9560 4.4885 141941 39 5.38961080368398 3.42037603704399
4543155 4926571 24478 4 8 15 15284 4.4885 44485 38.8 5.16634786167753 3.48025507276095
4543671 4925931 57440 4 8 13 16493 4.4885 22970 38.8 5.00762360000808 3.5042647028873
4544006 4936863 196 4 13 17 11875 4.5087 393161 39.02 5.30503208649492 3.08929345559696
4543993 4937812 28 4 13 17 10828 4.5087 394190 39.02 5.30503208649492 3.08929345559696
4543188 4931803 47981 5 7 16 10184 4.4885 86911 39 5.32605173879688 3.4197342793164
4541955 4938525 103 5 14 17 12275 4.5087 469102 39 5.32988080382347 3.01205525253758
4800066 4948316 51956 5 8 19 9014 3.3358 169455 36.49 3.29398956413134 1.94904553934167
4798464 4949908 1584 1 8 19 11123 3.3347 240852 36.59 3.33730735018215 1.92378303428893
4798924 4947777 56943 4 9 19 10176 3.3339 132000 36.32 3.35478046306786 1.91251174561878
4798757 4947737 56390 4 9 19 10680 3.3339 126000 36.32 3.35478046306786 1.91251174561878
4795344 4952667 10293 4 11 19 13103 3.3347 72426 36.62 3.62975654563496 1.65945469553172
4795335 4952627 10293 4 11 19 13103 3.3347 72426 36.62 3.62975654563496 1.65945469553172
4799571 4949928 1546 4 10 19 10161 3.3371 223882 36.59 3.21491486970828 1.97750237859228
4782563 4954738 11681 1 16 19 25255 3.3348 101396 36.33 3.78778013148214 2.15621826347036
4784703 4955294 32409 1 15 19 23428 3.3348 14485 36.27 3.75216451950642 2.08960940566489
4783151 4954961 23653 1 16 19 25053 3.3348 40970 36.33 3.78192647687828 2.14827496801027
4781431 4956137 27871 2 17 19 26792 3.3348 42426 36.33 3.79850838702054 2.1732911224435
4781197 4956668 75093 4 17 19 26830 3.3348 45941 36.42 3.79485156433377 2.16128782574719
4785806 4956763 32906 4 15 19 22255 3.3348 6000 36.49 3.73981220062705 1.95508572496902
4804178 4955014 1265 1 10 20 2898 3.3371 382190 37.01 3.55484118573492 1.38954258306385
4799056 4955682 58012 5 11 19 9292 3.3347 209220 37.12 3.63725263326524 1.52306989528281
4785650 4956866 49500 4 15 19 22306 3.3348 6000 36.49 3.73981220062705 1.95508572496902
4798792 4949087 2878 1 8 19 10500 3.3339 218911 36.49 3.33730735018215 1.92378303428893
4782985 4954665 25678 1 15 19 24743 3.3348 89396 36.33 3.78192647687828 2.14827496801027
4736355 5019987 6843 1 8 19 26257 3.3589 262617 22.98 3.90070326672121 2.25181902801532
4737399 5027559 24693 1 9 19 18716 3.3589 160970 20.87 3.81585234506934 2.13351054846454
4735705 5028251 14156 1 7 19 17958 3.3589 211455 20.71 3.82441827369137 2.12096370633683
4734428 5025464 1246 1 5 19 21344 3.3589 324852 21.35 3.83823042511148 2.15418424585599
4733094 5018270 4696 4 11 19 23546 3.3564 545823 23.17 3.91993665856725 2.22481179101721
4730643 5005544 22678 1 8 18 21589 3.3521 202970 27.44 4.08756678149134 2.50606575015295
4730155 5005894 19218 1 8 18 21014 3.3521 213941 26.53 4.09650271260864 2.504325645836
4725525 4861749 10246 1 6 18 1261 3.3656 104911 33.35 3.40933929391995 2.00208290201995
4725563 4861897 10246 1 6 18 1473 3.3656 104911 33.35 3.40933929391995 2.00208290201995
4725688 4862598 11221 1 7 18 2352 3.3656 86911 33.35 3.40933929391995 2.00208290201995
4726870 4863227 6693 1 7 18 3601 3.3656 83396 33.21 3.41347186054423 2.00159421509189
4726316 4866646 7462 4 6 19 6381 3.3656 62911 33.17 3.42559059097361 2.02514307938769
4723841 4880614 75206 5 10 16 23272 3.3693 39941 33.12 3.9732967381892 2.40145466751334
4723768 4880833 74231 5 10 16 23422 3.3693 30000 33.12 3.9732967381892 2.40145466751334
4723869 4880560 75206 5 10 16 23122 3.3693 39941 33.12 3.9732967381892 2.40145466751334
4723625 4879818 74568 1 9 18 22584 3.3693 50485 33.16 3.9713553170071 2.35073263262053
4723504 4879843 74568 1 12 18 22584 3.3693 59396 33.16 3.9713553170071 2.35073263262053
4725153 4876783 61940 2 8 18 19346 3.3676 42426 33.09 3.73853666707229 2.15494617467172
4724687 4877909 65456 2 8 18 20199 3.3676 39941 33.06 3.98237066248642 2.33192723067932
4725106 4876400 54553 3 9 18 19426 3.3676 62911 33.09 3.73853666707229 2.15494617467172
4727649 4872470 20437 1 5 18 18744 3.3676 128911 33.03 3.64648541286888 2.06619841655462
4723034 4881628 75346 5 12 16 22037 3.3693 26485 33.5 3.99179063977364 2.4419608321577
4723154 4881749 75365 5 12 16 22399 3.3693 18000 33.5 3.92981537829071 2.44699695133767
4723619 4879783 74568 1 9 18 22434 3.3693 50485 33.16 3.9713553170071 2.35073263262053
4774011 4946863 91708 4 17 18 34806 3.3354 22970 36.61 3.54151041429809 2.58287088341664
4774250 4947470 92606 4 17 18 34966 3.3354 33941 36.49 3.61628386289583 2.54119821276185
4774006 4947261 91996 4 17 18 34992 3.3354 33941 36.61 3.57641244780345 2.56804786399507
4774302 4948000 90562 1 16 18 34913 3.3354 36000 36.35 3.61628386289583 2.54119821276185
4725533 4861696 10246 1 6 18 1261 3.3656 104911 33.35 3.40933929391995 2.00208290201995
4725570 4861775 10246 1 6 18 1261 3.3656 104911 33.35 3.40933929391995 2.00208290201995
4726778 4863117 384 1 7 18 3389 3.3656 83396 33.21 3.41347186054423 2.00159421509189
4723528 4879891 74568 1 12 18 22584 3.3693 59396 33.16 3.9713553170071 2.35073263262053
4723579 4879875 74568 1 12 18 22584 3.3693 59396 33.16 3.9713553170071 2.35073263262053
4723069 4881678 75721 5 12 16 22037 3.3693 18000 33.5 3.9664803518318 2.47418952240467
4733311 4866979 5400 1 11 19 17313 3.3547 118367 33 3.24014648626462 1.55146260588427
4731695 4866464 131 1 12 19 18842 3.3547 162249 33.03 3.24014648626462 1.55146260588427
4733022 4866467 150 3 17 18 14703 3.3547 192852 33.03 3.24014648626462 1.55146260588427
4725141 4876381 54553 3 9 18 19426 3.3676 62911 33.09 3.73853666707229 2.15494617467172
4736601 4870135 1237 4 10 19 14038 3.3527 8485 33 3.41005027690004 1.77536509713564
4738775 4865420 10809 3 14 19 9818 3.3429 52970 33 3.17509794917948 1.57274659152853
4726125 4881212 71718 5 11 18 23736 3.3693 8485 33.12 3.91423279092559 2.35682184391269
4741324 4867135 18900 4 14 19 8752 3.3429 64970 33 3.27438350855311 1.74482631337375
4733045 4879205 65915 4 12 18 24169 3.3516 66000 33 3.67510961306604 2.09674299421065
4781364 4919810 62250 4 10 20 26747 3.3341 50911 34.23 3.37930204418245 2.3788343993211
4782517 4919516 58528 5 10 20 26459 3.3341 75941 34.24 3.35625168697692 2.3284686692166
4782643 4918165 55631 1 9 19 26695 3.3341 58970 34.24 3.36705952874067 2.37327682688876
4785863 4921645 4884 1 10 19 21308 3.3331 76367 34.39 3.2081307405572 2.18040130733546
4784744 4920225 51450 5 11 19 24372 3.3341 117941 34.39 3.28470646892456 2.2714303617391
4784380 4916745 6178 4 10 19 26472 3.3341 25455 34.16 3.28146267987371 2.27780007810531
4786534 4915194 534 1 11 19 29026 3.332 86485 34.18 3.35607057589699 2.27603233944286
4794131 4917535 28 1 10 19 25515 3.332 45941 34.62 2.99089604255367 1.9798683282312
4788755 4922977 33900 5 9 21 17837 3.3331 6000 34.57 3.21342087148181 2.21951972829189
4790380 4923112 41109 4 10 20 16661 3.3331 56485 34.83 3.2160732385909 2.22517633742317
4796125 4914209 1143 4 14 19 21295 3.3321 70970 34.65 2.91294454538061 1.86477911119203
4788000 4913429 7584 5 12 19 27769 3.332 183941 34.2 3.19426570776286 2.30860849582788
4790406 4914956 234 3 14 19 26652 3.332 109882 34.52 3.17928488860189 1.95236570184881
4794648 4902342 140 5 14 20 16475 3.3293 178970 34.1 2.73736351607605 1.62296507482128
4793353 4902438 1359 2 10 20 18313 3.3293 400617 34.1 2.73539192178293 1.65696829453556
4793143 4903020 506 4 13 20 17235 3.3302 186852 34.09 2.73531196525252 1.64758980725176
4787340 4923506 52359 0 10 21 19000 3.3331 14485 34.57 3.28163375873941 2.22545507283888
4632045 4875697 7443 4 17 16 11541 3.5246 142793 36.4 4.06370474584401 2.79378563707525
4633353 4875988 10068 5 17 16 13630 3.5246 157455 36.31 4.01228661767461 2.77937772057273
4638737 4879621 7950 4 15 16 17978 3.5348 82970 36.31 3.96235788527845 2.71703556837604
4639614 4875877 281 3 17 18 11695 3.4898 268617 35.97 4.02550905912429 2.50207268588789
4301013 4716506 54937 1 42 7 13154 5.9038 14485 37.08 5.7429354764215 4.85427063204492
4310194 4718946 56 4 41 7 21333 5.9088 60426 35.14 5.81689757399157 4.72560132760353
4309909 4719399 56 4 41 7 22333 5.9088 26485 35.17 5.74191536444597 4.73957816279282
4315423 4711119 6571 4 44 7 14204 5.8861 48000 35.48 5.75598811583255 4.59349801619596
4315851 4711340 6571 4 45 7 13744 5.8861 6000 35.48 5.73542887398467 4.58948230734698
4605486 4974760 7125 4 10 17 18300 3.9841 130793 42.57 4.78750745999394 3.19023940167575
4617025 4973572 9450 4 6 18 11004 3.9186 103455 41.41 4.870942195878 3.14844056151719
4614301 4979266 27928 4 7 17 4385 3.8883 242308 41.3 4.98994634493466 3.04524969284508
4536965 4817434 11296 4 14 13 4687 4.557 88970 30.99 4.90859337748549 3.04455982205895
4536102 4818395 17756 4 12 13 5595 4.557 74485 30.96 4.89633429279307 3.0616499713568
4537236 4818134 14475 0 12 13 5613 4.557 87941 30.99 4.89633429279307 3.0616499713568
4542016 4817355 32465 1 11 13 577 4.2524 144249 31.07 4.89799946971076 2.91916681481843
4543348 4820033 38756 4 13 13 602 4.2524 139882 31.16 4.90896253897583 2.89416414347982
4536793 4817425 11296 4 14 13 4687 4.557 86485 30.99 4.90859337748549 3.04455982205895
4458275 4754171 7068 1 31 11 13698 5.6693 12000 28.02 4.53958702571859 4.25460946947487
4458405 4754232 2662 1 31 11 13636 5.6693 6000 28.02 4.53958702571859 4.25460946947487
4449043 4749712 431 4 35 13 29760 5.7149 14485 27.95 4.86869286813519 4.33035091197852
4448661 4749380 12131 5 35 13 30024 5.7149 8485 27.95 4.86869286813519 4.33035091197852
4323818 4930121 50165 4 79 10 13992 6.406 156426 18.62 7.01441457013977 5.09328969427854
4353789 4916833 2043 4 79 13 12083 6.3237 108426 24.46 6.88250928968736 5.08275822482214
4323998 4930836 51271 4 80 16 14964 6.406 191396 18.62 7.11549867131066 5.10598645882845
4353745 4916836 2043 4 79 13 12083 6.3237 108426 24.46 6.88250928968736 5.08275822482214
4323845 4930643 51271 4 80 10 14752 6.406 191396 18.62 7.11549867131066 5.10598645882845
4353688 4917406 32831 4 78 13 11950 6.3237 135338 23.46 6.88250928968736 5.08275822482214
4353575 4915772 98906 4 79 13 12699 6.3239 98485 24.12 6.86704172182755 5.10572743274717
4323246 4932559 6834 1 82 16 16676 6.4079 244367 17.96 7.15502110936576 5.12746021775415
4323062 4932572 41840 1 82 16 16738 6.4079 246852 17.96 7.15502110936576 5.12746021775415
4322883 4932633 14493 1 82 16 16800 6.4079 249338 17.96 7.17115124450858 5.13025250574827
4322660 4932642 42562 1 82 16 17012 6.4079 251823 17.96 7.24075716121177 5.14230198728136
4322009 4932572 35203 1 82 9 17173 6.4079 247455 19.29 7.24075716121177 5.14230198728136
4321995 4932318 42928 4 82 9 17023 6.4079 241455 19.29 7.24075716121177 5.14230198728136
4323500 4932438 36675 1 82 16 16402 6.4079 235882 17.96 7.15502110936576 5.12746021775415
4352700 4923661 51665 5 79 15 4538 6.3237 274367 21.95 6.87121946043272 4.95402387990231
4542621 4933025 26681 1 7 17 8893 4.4885 123338 39 5.39445607110894 3.41892453439138
4540513 4928817 12637 5 7 16 12387 4.4885 103455 38.96 5.39022525935279 3.45029802669987
4540682 4932777 19940 1 7 17 8425 4.4885 175882 39 5.44624334383471 3.41896445164778
4487088 4866334 26793 1 65 12 40949 5.5963 57941 28.39 5.71619032286561 4.65084873880822
4499096 4901839 18 4 43 18 17532 5.1143 553529 29.82 5.76331096200182 4.08496164417509
4497210 4899447 7040 4 42 18 17368 5.1143 465161 28.96 5.76132078505939 4.09781191494752
4487970 4866555 2268 4 66 12 40864 5.5963 49455 28.39 5.71355587198832 4.65497255524312
4488343 4866583 2268 4 66 12 40926 5.5963 43455 28.47 5.67136040146096 4.65233658699772
4482157 4868414 22434 4 66 15 37012 5.6686 72426 28.34 5.92485720399089 4.64863695689985
4482407 4869276 13125 4 66 15 35803 5.5963 68911 28.34 5.9279924697246 4.64422201202956
4473092 4869252 86878 4 70 16 38448 5.6686 119823 28.1 5.98709952153241 4.70380693078956
4472956 4869231 86878 4 70 16 38099 5.6686 123338 28.1 5.98709952153241 4.70380693078956
4481739 4867442 42553 4 66 15 38063 5.6686 16970 28.21 5.88640279995387 4.65563816555373
4495164 4897547 7725 5 44 16 16929 5.2253 376793 28.19 5.76981611984829 4.11791081435819
4498191 4899371 11953 4 41 18 18539 5.1143 477587 29.6 5.73397049571419 4.07733441186745
4497167 4899981 5071 4 42 18 17261 5.1143 485646 28.96 5.77162791613518 4.09876075812492
4565562 4845985 243 2 35 18 14937 3.6144 201941 33.45 4.66186455891887 3.11446478903617
4565889 4849028 54000 4 32 15 11344 3.6144 108000 33.44 4.64909767805835 3.11459393898888
4570943 4850978 4500 4 31 16 5551 3.534 76367 34.01 4.5122200419692 3.09470573318158
4563206 4848666 73987 4 31 16 13083 3.6144 141764 33.44 4.67294294570466 3.10319882022292
4561677 4842964 12965 4 27 18 8231 3.6144 289705 32.93 4.71037386731961 3.21299889908188
4562487 4844852 25293 4 27 18 9275 3.6144 253705 33.11 4.84868204647063 3.15151012851989
4570383 4850900 82537 4 31 16 6151 3.534 73882 33.79 4.51184251395658 3.09497742825834
4578870 4852426 4462 4 31 16 3458 3.534 85455 34.35 4.4493231203974 3.06091472529044
4561548 4846212 31350 4 28 18 9523 3.6144 196793 33.04 4.81797738439766 3.14331112894912
4563515 4847201 4743 4 31 16 12856 3.6144 185396 33.44 4.76738975090117 3.13001966649117
4399593 4724441 928 3 36 8 5378 5.8013 14485 29.9 5.19313782890683 4.33163953084244
4408452 4732313 12984 5 39 9 7814 5.7819 8485 28.81 5.06176925410907 4.16161269197549
4515098 4805053 40631 4 19 15 13099 5.2947 62485 30.16 4.95225577082347 3.4404486074268
4399151 4724840 7246 4 37 8 7135 5.8013 22970 29.71 5.07491667630806 4.32458826969183
4400563 4722435 7659 1 35 11 2472 5.8013 12000 29.9 5.11450946555028 4.33465209842958
4407793 4731577 21065 4 39 9 6903 5.7819 16970 28.81 4.89594227276355 4.21867471151907
4412132 4734316 13162 1 39 9 12420 5.7819 14485 28.47 4.94243187698529 4.11076900533173
4414264 4735576 5671 5 41 9 13581 5.7819 6000 28.84 4.90888179705947 4.037748546455
4406041 4726489 46 2 38 9 199 5.8013 34970 29.37 5.03257875438758 4.22578066611881
4440851 4745600 64003 5 43 13 24407 5.7288 6000 28.3 4.94087754021121 4.34899934549108
4438844 4743766 49931 5 43 13 21712 5.7509 6000 28.27 4.86581076723455 4.32244969961523
4441143 4741404 2493 0 47 16 27427 5.7288 6000 28.56 5.06402616880157 4.40141146833246
4507337 4784401 4575 5 20 13 7603 5.2406 6000 29.63 4.82909090376562 3.65726480309714
4305749 4935245 93 5 92 15 8627 6.4681 347043 30.3 7.52301600469546 5.40018685425138
4305469 4934402 412 4 91 15 8210 6.4681 309587 30.3 7.51686995769992 5.39254406726721
4305637 4933136 656 5 89 15 9449 6.4681 268617 30.3 7.52170870713044 5.39281562571869
4305958 4931280 23859 5 88 13 10521 6.4681 202190 30.21 7.5577215161532 5.39751033619582
4306899 4932738 15187 4 89 13 11027 6.4681 278132 28.95 7.52875958757853 5.38866859085191
4303687 4935927 7078 4 93 15 7503 6.4645 316793 31.74 7.52421295648605 5.40004591475466
4304357 4935079 13425 5 92 15 6948 6.4681 287823 30.3 7.53097528288121 5.39799566788183
4306871 4934662 515 5 91 15 9760 6.4681 325102 30.3 7.51686995769992 5.39254406726722
4305195 4936526 28 5 94 15 10139 6.4645 371220 30.29 7.52301600469546 5.40018685425138
4303866 4930466 18131 4 89 13 9990 6.4681 152308 30.21 7.60420392794913 5.40867983480386
4308518 4931131 35896 5 86 13 13074 6.4681 255587 27.73 7.48987111781748 5.37928514826801
4305547 4927988 42234 4 89 13 14547 6.4681 148793 29.63 7.59661028385795 5.41199151669626
4305797 4926060 13875 4 88 13 15438 6.4681 126852 28.93 7.53413342304808 5.4112752512124
4533615 4908104 51684 4 26 11 29538 4.6911 79455 38.04 4.98501181268547 3.63370843654449
4531535 4908469 18515 5 26 17 27223 4.6911 142367 38.47 5.11342122906418 3.70420585942618
4529844 4905070 31603 4 29 17 26516 4.6911 91455 37.62 5.11571530925444 3.71790225837593
4530784 4905639 18581 5 30 17 27969 4.6911 69941 37.71 5.04048593740418 3.71628901049094
4526449 4908155 19068 4 25 17 21911 4.6911 182308 38.02 5.28081435024143 3.69296658872472
4596047 4950343 48028 5 27 16 14398 4.055 103882 43.43 4.86318279134214 3.28315725600467
4590753 4947815 22931 5 24 18 15432 4.1299 138852 43.82 4.98788136714334 3.29101203014402
4578326 4942743 768 4 18 18 32779 4.2262 91882 43.12 4.9435751501642 3.32765738038174
4351035 4924075 20943 4 79 15 3677 6.3237 260485 21.2 6.87867130967684 4.93303532402407
4351449 4922380 76200 5 78 15 5444 6.3237 227396 21.75 6.87826893054261 4.93780463776941
4344896 4922059 80671 4 77 9 10862 6.3237 121455 19.8 6.87458956882253 4.91901749127803
4344747 4923434 64575 1 76 13 10107 6.3688 163455 19.8 6.876822542903 4.84637793903846
4344536 4923485 65203 1 76 13 10045 6.3688 163455 19.8 6.88648777984772 4.8527989771475
4344567 4923388 72440 1 76 13 10307 6.3688 163455 19.8 6.88648777984772 4.8527989771475
4344299 4924007 65831 4 77 13 9471 6.3688 172970 19 6.88784909492808 4.85370335808088
4340200 4930091 318 3 80 16 6256 6.3764 350308 16.28 6.86499588068913 4.68975604939521
4340900 4928756 13931 4 78 16 3602 6.3764 276426 16.89 6.86748959884255 4.70132174298359
4341120 4928490 49125 4 78 15 3964 6.3764 278911 16.89 6.87594343602776 4.71507312642986
4342326 4930149 46 5 80 15 4298 6.3764 336852 16.28 6.84916731821644 4.67768375531116
4349267 4922579 68831 4 77 13 6301 6.3237 192000 21.07 6.87794140791282 4.927389484333
4349813 4923079 33618 2 78 13 5074 6.3237 225941 21.07 6.87798693882391 4.92348142978992
4346552 4922778 51918 4 77 9 9275 6.3237 163455 20.41 6.87346606868596 4.91481664328266
4346411 4927917 7809 4 81 16 9395 6.3388 454367 18.25 6.84184315439427 4.65951531583613
4345521 4925999 45778 5 79 16 9010 6.3237 243941 18.25 6.85875602108822 4.72637800027266
4342923 4926053 59325 2 79 13 6987 6.3764 226970 17.51 6.85551051402104 4.7337128562337
4345094 4928305 7903 5 80 16 7399 6.3388 298970 18.25 6.84184315439427 4.65951531583613
4344677 4926299 59268 4 79 16 8369 6.3764 242485 18.25 6.85854617931693 4.72569352654658
4384986 4913129 56 4 76 16 8956 6.1689 267764 24.37 6.69580751397844 5.29331364776149
4386770 4912835 7125 5 76 16 6970 6.1689 232793 23.14 6.67475687002583 5.28715417318261
4386627 4910220 12881 5 73 16 7555 6.1882 182911 23.14 6.64911018829858 5.28969943844543
4385912 4910408 187 4 72 16 10355 6.1882 214367 24.37 6.68008022895947 5.29271800610864
4383402 4910620 6834 4 72 16 11115 6.1882 236911 25.44 6.67726191360182 5.29364724476612
4381563 4911219 8400 1 71 13 13138 6.1882 177941 25.44 6.75968319778579 5.29909088065873
4384136 4909293 78243 4 73 9 11076 6.1882 74485 25.41 6.66952320305974 5.29434054550307
4385943 4908960 96553 5 73 9 9152 6.1882 78000 24.31 6.64805405011297 5.29358677086551
4385668 4911193 412 4 75 16 7982 6.1882 258852 24.37 6.69580751397844 5.29331364776149
4540708 4932947 19940 1 7 17 8275 4.4885 178367 39 5.4427815549196 3.4171895500441
4544026 4925573 59625 4 9 13 16973 4.4885 6000 38.64 5.00762360000808 3.5042647028873
4548571 4934283 5643 4 11 17 10777 4.4084 251220 39.04 5.23206619567804 3.34606297733502
4490246 4908863 5896 4 53 17 3244 5.1467 697705 28 5.81644004183889 4.00851457035233
4487874 4907162 646 4 51 18 4354 5.1467 689647 26.92 5.82390307781823 3.98852901025252
4488507 4900751 721 5 48 17 12989 5.2253 481279 25.63 5.82858807373918 4.10753126292492
4488878 4899818 937 4 48 17 14003 5.2253 498249 25.63 5.82858807373917 4.10753126292492
4490313 4899412 178 5 47 17 12876 5.2253 401823 26.96 5.81962963724126 4.12243575547027
4499901 4900202 3665 4 39 18 19168 5.1143 530984 29.82 5.74229817900224 4.06977542174601
4498108 4899983 778 4 40 18 18318 5.1143 528499 29.82 5.7551338435509 4.08542435888236
4492873 4900165 1387 5 46 18 15597 5.2253 454367 27.74 5.77757667656196 4.12142765953546
4494339 4901056 6356 4 45 18 13166 5.2253 534852 28.44 5.77355838414543 4.10282749187625
4494635 4903655 2390 5 44 18 12349 5.1467 559279 28.65 5.76044360130757 4.1051670926553
4514105 4883477 215 5 58 17 46016 5.0456 372249 31.57 5.6366621878386 3.97012162519325
4514876 4883608 1256 5 57 17 45241 5.0456 351764 31.92 5.50459592674158 3.9357007787159
4515432 4885249 1068 4 57 17 45947 4.7756 403705 32.15 5.45872585602041 3.86693913919655
4514037 4886301 206 5 56 17 44099 5.0456 421705 32.01 5.54710879950135 3.80827897245234
4512895 4882109 600 4 60 17 48435 5.0456 425646 31.57 5.6366621878386 3.97012162519325
4798014 4949299 1650 4 8 19 11374 3.3339 239396 36.25 3.33730735018215 1.92378303428893
4796309 4953016 3309 1 10 19 11932 3.3347 99941 36.62 3.64078761924082 1.59430686688623
4804683 4954277 628 4 11 20 2473 3.3371 371220 37.01 3.53311170605612 1.39694966651905
4734337 5016081 450 4 14 19 26710 3.3564 624676 23.17 3.91810195988769 2.23847342309063
4727228 4866021 187 4 13 19 21316 3.3656 290558 33.17 3.44521313385877 1.97822639867154
4726652 4867097 2587 3 11 19 20176 3.3656 275646 33.17 3.42559059097361 2.02514307938769
4725951 4867261 271 4 12 19 20833 3.3656 293646 33.27 3.42559059097361 2.02514307938769
4723241 4879881 74568 1 12 18 20658 3.3693 65396 33.16 3.9713553170071 2.35073263262053
4723563 4879533 73490 1 9 18 22284 3.3693 48000 33.16 3.9713553170071 2.35073263262053
4724192 4876891 60431 3 8 18 18209 3.3676 68911 33.09 3.98431428761219 2.31991456406552
4725200 4877420 63281 2 8 18 19613 3.3676 31455 33.09 3.75523091068484 2.17090587942115
4723691 4875806 6140 4 10 18 16313 3.3676 135338 33.16 3.79460217514148 2.19823535237316
4727625 4872502 20437 1 5 18 18744 3.3676 128911 33.03 3.64648541286888 2.06619841655462
4724075 4875281 9496 4 9 18 16049 3.3676 152735 33.2 3.79460217514148 2.19823535237316
4729942 4876207 48618 5 9 18 23300 3.3527 14485 33.01 3.7227282737436 2.12793505342911
4741607 4854391 75 4 30 19 9453 3.3442 448617 33 2.87038676536355 1.65612149310439
4740573 4857849 159 5 25 19 5630 3.3455 345764 33 2.87038676536355 1.65612149310439
4736855 4857580 121 4 29 19 9706 3.3455 405764 33 3.02792912160547 1.20050850059047
4738574 4856125 656 4 28 19 8198 3.3455 363338 33 3.02792912160547 1.20050850059047
4746503 4859407 93 4 23 19 9177 3.3455 329043 33 2.87246514128877 1.67744103764809
4723492 4864574 33768 5 7 18 4157 3.3656 31455 33.41 3.42527263021921 2.02374931204561
4781776 4921580 64837 5 11 20 25749 3.3341 64970 34.56 3.44916420697916 2.3874295641331
4790474 4915046 243 3 14 19 26652 3.332 109882 34.52 3.17928488860189 1.95236570184881
4794715 4923309 5128 4 18 19 11956 3.3337 245823 34.98 3.33145380497686 2.31439020846087
4794995 4918872 8390 5 10 19 26207 3.3321 73882 34.69 3.03683018449266 2.05919033352571
4798267 4911879 1143 4 16 19 20431 3.3302 84426 34.59 2.81574199536772 1.77129900264296
4487383 4866527 14728 1 65 12 41037 5.5963 63941 28.39 5.71355587198832 4.65497255524312
4540737 4932966 9393 1 8 16 8275 4.4885 169455 39 5.4427815549196 3.4171895500441
4784599 4955362 29100 1 15 19 23428 3.3348 22970 36.27 3.75216451950642 2.08960940566489
4783095 4955481 31228 0 16 19 24966 3.3348 28970 36.33 3.78450705250277 2.12683664443522
4781481 4956782 79003 0 17 19 26742 3.3348 31455 36.33 3.79464980903347 2.11966383441187
4799898 4949517 3553 5 8 19 9587 3.3358 209396 36.49 3.28631095454891 1.95020713152247
4798624 4949368 2165 1 8 19 10724 3.3339 233396 36.49 3.33730735018215 1.92378303428893
4800128 4948359 11878 5 8 19 8864 3.3358 169455 36.49 3.29398956413134 1.94904553934167
4800593 4948254 16312 0 8 19 8414 3.3358 181455 36.49 3.29398956413134 1.94904553934167
4305083 4934066 1406 5 90 15 8275 6.4681 306073 30.3 7.51686995769992 5.39254406726721
4305290 4934269 346 4 91 15 8250 6.4681 308308 30.3 7.51686995769992 5.39254406726721
4523770 4908307 8165 0 26 17 19211 4.6911 170485 37.84 5.29389514828623 3.68599593085933
4525877 4909458 15403 0 25 17 20814 4.6911 147338 37.84 5.28971794513351 3.68785693709567
4530575 4910496 2568 4 25 17 26776 4.6911 173823 38.47 5.1333551747079 3.60674474986487
4529486 4909152 121 4 25 17 24911 4.6911 209396 38.39 5.20264328099009 3.69295551518303
4530101 4908240 12487 5 26 17 25661 4.6911 170911 37.9 5.18349188154531 3.69537038719999
4532055 4909040 225 5 27 17 27623 4.6911 148367 38.47 5.11342122906418 3.70420585942618
4522437 4911250 32428 0 24 17 16619 4.6911 62485 37.87 5.22521356039947 3.62163375332241
4524524 4911334 32334 0 24 17 18657 4.6911 76970 38.09 5.20251734650843 3.64149066784188
4528002 4908030 9675 0 26 17 23624 4.6911 183338 38.02 5.25401151783683 3.69202926320032
4533262 4907275 54018 0 26 13 29184 4.6911 82970 38.04 5.07917850983129 3.70912567322484
4532514 4906132 45159 5 28 13 29925 4.6911 40970 38.04 4.99777338972674 3.64794562317075
4532166 4905276 29578 5 29 9 29269 4.6911 22970 37.71 4.91812857430761 3.67211851403385
4535031 4900613 70518 0 33 9 33630 4.4151 0 36.81 4.42551890896004 3.68499579916649
4530488 4901577 62043 0 32 9 29205 4.4151 6000 37.31 4.64549942748557 3.71279834355539
4529759 4905345 17353 0 29 17 26392 4.6911 82970 37.62 5.12785990082073 3.71394963059949
4524693 4900150 48253 0 36 13 25663 4.7172 42426 36.51 5.12895771536547 3.76247609492782
4522319 4901588 23484 0 34 16 23231 4.7172 85455 36.64 5.36945065680558 3.76470361215406
4522665 4903835 13209 0 31 17 21158 4.7172 89396 36.99 5.35579618130664 3.73505024469387
4523297 4905868 10725 0 28 17 19791 4.7172 136367 37.31 5.3178903333538 3.71440988573628
4529281 4888939 65221 0 47 13 38839 4.7126 0 34.42 4.60378623039541 3.73557057028964
4532653 4891873 72468 0 44 13 37269 4.3332 0 35.2 4.36254759375535 3.67957349737067
4530062 4892433 62353 0 44 9 35550 4.3332 12000 35.16 4.58556047435761 3.73306604697729
4525090 4894295 56062 0 42 9 31700 4.7172 0 35.33 4.90044199183031 3.78225142286101
4522269 4896418 53578 0 40 13 28419 4.7126 0 35.19 5.24884143734729 3.82572615628751
4522174 4893555 54037 0 43 13 31269 4.7126 48426 34.45 5.2580287191576 3.83781956596506
4520688 4891751 53071 0 45 13 32448 4.7126 20485 34.45 5.33973217834083 3.83413598099851
4520356 4888864 43893 4 49 13 35323 4.7126 62911 33.78 5.43023445464332 3.83124583504977
4520542 4887938 38971 4 51 13 36161 4.7126 96426 33.78 5.48259953684146 3.83472794632308
4735972 4858750 1696 0 24 19 3263 3.3547 292367 33 3.02792912160547 1.20050850059047
4737865 4859405 7837 0 23 19 5461 3.3455 263396 33 3.02792912160547 1.20050850059047
4738474 4856991 2353 0 27 19 7596 3.3455 345338 33 3.02792912160547 1.20050850059047
4738226 4861024 6487 0 20 19 6814 3.3455 204426 33 2.98739077352798 1.31784107291252
4734647 4864483 1706 0 16 19 12245 3.3547 151279 33 3.19273651536728 1.48605613920234
4733984 4865832 150 0 17 19 13404 3.3547 163882 33 3.19541834817331 1.49265172713331
4737056 4866246 13256 0 12 19 11929 3.3547 51941 33 3.20085614760903 1.56089462920211
4735496 4870753 31171 0 10 18 15293 3.3527 0 33 3.49932472397318 1.86696619148585
4734025 4870008 25368 0 9 19 16482 3.3527 28970 33 3.43591419215587 1.7999548953001
4732942 4867091 5400 1 11 18 17437 3.3547 131823 33.03 3.24014648626462 1.55146260588427
4731429 4866702 10218 1 11 19 18895 3.3547 161220 33.03 3.24014648626462 1.55146260588427
4729322 4867896 13181 0 10 19 20498 3.3547 194735 33.07 3.46454946083096 1.91787993485121
4727653 4871813 15628 0 5 18 17994 3.3676 138426 33.03 3.63220917833387 2.05797570953562
4728953 4872721 19987 0 5 18 19549 3.3527 120852 33.03 3.63407777712191 2.05560587408956
4727227 4877242 65718 0 8 18 21483 3.3676 0 33.04 3.74370126197895 2.16152672846569
4724763 4878000 68578 2 8 18 20199 3.3676 37455 33.06 3.98237066248642 2.33192723067932
4723757 4879673 75131 0 9 18 22372 3.3693 50911 33.16 3.9713553170071 2.35073263262053
4723181 4882138 76425 0 12 16 22576 3.3693 20485 33.5 3.92981537829071 2.44699695133767
4720571 4885388 78450 0 16 16 26249 3.3693 6000 34.04 3.82607929467286 2.61029546204908
4723383 4884456 75918 0 15 16 24889 3.3693 0 33.88 3.91436656826163 2.53826720117869
4724525 4886872 77287 0 17 16 27936 3.3693 0 34.16 3.86993381946059 2.58494209228532
4726284 4883151 75459 0 13 16 25748 3.3693 0 33.36 3.88248219210933 2.46853324647406
4729638 4876586 60993 0 9 18 23724 3.3527 14485 33.01 3.72541267060225 2.13239003673828
4739434 4865773 13162 0 14 19 9343 3.3429 51941 33 3.15445673050783 1.62366392748645
4742102 4862706 7518 0 18 19 5959 3.3455 167220 33 2.95592737903829 1.63662602195665
4741336 4865797 12778 0 15 19 7393 3.3429 73455 33 3.14977655762243 1.68093589992729
4724098 4880153 75103 0 10 16 22698 3.3693 39941 33.12 3.9732967381892 2.40145466751334
4722221 4881562 75262 0 12 16 21666 3.3693 45941 33.43 3.99451587315222 2.44405739115235
4721303 4873127 53775 0 8 18 13639 3.3676 48426 33.34 3.7311531189444 2.17993486940342
4725214 4866551 16021 0 6 19 5796 3.3656 39941 33.27 3.42559059097361 2.02514307938769
4723285 4875539 7800 0 9 18 15976 3.3676 139455 33.2 3.79460217514148 2.19823535237316
4723104 4877436 68306 0 9 18 17864 3.3676 98911 33.16 3.98640316984357 2.3247012823804
4723997 4877040 66637 3 8 18 18121 3.3676 74911 33.16 3.98431428761218 2.31991456406552
4725219 4877537 66253 2 8 18 19613 3.3676 25455 33.09 3.80882045226514 2.22213750638964
4725318 4876840 60562 2 8 18 19434 3.3676 31455 33.09 3.73853666707229 2.15494617467172
4724811 4872145 27243 0 6 18 14753 3.3676 142367 33.15 3.68687402436775 2.10314048704111
4726102 4867202 1537 4 12 19 20671 3.3656 287646 33.17 3.42559059097361 2.02514307938769
4725775 4862721 15543 1 7 18 2365 3.3656 77396 33.35 3.40933929391995 2.00208290201995
4725926 4862796 22725 1 7 18 2515 3.3656 77396 33.35 3.40933929391995 2.00208290201995
4726139 4862895 21928 1 7 18 2727 3.3656 73882 33.35 3.40933929391995 2.00208290201995
4726349 4863085 17306 0 7 18 3089 3.3656 73882 33.35 3.40933929391995 2.00208290201995
4726349 4863085 18234 0 7 18 3089 3.3656 73882 33.35 3.40933929391995 2.00208290201995
4726254 4862851 21928 1 7 18 2815 3.3656 76367 33.35 3.40933929391995 2.00208290201995
4726494 4862999 17306 1 7 18 3239 3.3656 79882 33.35 3.40933929391995 2.00208290201995
4726696 4863043 17306 1 7 18 3389 3.3656 79882 33.35 3.40933929391995 2.00208290201995
4726614 4862927 17306 1 7 18 3389 3.3656 76367 33.35 3.40933929391995 2.00208290201995
4726536 4862956 17306 1 7 18 3239 3.3656 79882 33.35 3.40933929391995 2.00208290201995
4726379 4863386 23437 0 7 18 3213 3.3656 68911 33.21 3.4201169214828 2.00249565603023
4726511 4863684 23493 0 7 18 3505 3.3656 63941 33.21 3.426200417746 2.00272863749711
4540693 4932528 9271 1 7 17 8725 4.4885 169882 39 5.44624334383471 3.41896445164778
4540693 4932528 9271 1 7 17 8725 4.4885 169882 39 5.44624334383471 3.41896445164778
4540693 4932528 9271 1 7 17 8725 4.4885 169882 39 5.44624334383471 3.41896445164778
4540693 4932528 9271 1 7 17 8725 4.4885 169882 39 5.44624334383471 3.41896445164778
4541474 4932553 22621 0 7 17 8688 4.4885 139882 39 5.38045925437698 3.42060414253458
4541966 4932651 35934 0 7 17 8787 4.4885 139882 39 5.38045925437698 3.42060414253458
4541686 4932261 35934 0 7 16 9112 4.4885 131396 39 5.38045925437698 3.42060414253458
4540936 4932749 18375 1 7 17 8451 4.4885 168852 39 5.44624334383471 3.41896445164778
4540936 4932749 18375 1 7 17 8451 4.4885 168852 39 5.44624334383471 3.41896445164778
4540991 4932819 18375 1 7 17 8301 4.4885 168852 39 5.44624334383471 3.41896445164778
4540991 4932819 18375 1 7 17 8301 4.4885 168852 39 5.44624334383471 3.41896445164778
4540879 4932958 9393 1 7 17 8213 4.4885 169882 39 5.4427815549196 3.4171895500441
4540879 4932958 9393 1 7 17 8213 4.4885 169882 39 5.4427815549196 3.4171895500441
4540879 4932958 9393 1 7 17 8213 4.4885 169882 39 5.4427815549196 3.4171895500441
4540832 4933013 9393 1 7 17 8213 4.4885 169882 39 5.4427815549196 3.4171895500441
4540710 4932541 9393 1 7 17 8725 4.4885 169882 39 5.44624334383471 3.41896445164778
4540693 4932528 9271 1 7 17 8725 4.4885 169882 39 5.44624334383471 3.41896445164778
4540693 4932528 9271 1 7 17 8725 4.4885 169882 39 5.44624334383471 3.41896445164778
4540693 4932528 9271 1 7 17 8725 4.4885 169882 39 5.44624334383471 3.41896445164778
4541360 4933719 2840 1 7 17 7488 4.4885 178793 39 5.40430449750514 3.41822576899239
4539339 4935937 721 0 9 17 4368 4.5087 258676 39 5.44958215762574 3.41194722133385
4541099 4933406 11043 1 7 17 7664 4.4885 171338 39 5.40430449750514 3.41822576899239
4540693 4932528 9393 1 7 17 8725 4.4885 169882 39 5.44624334383471 3.41896445164778
4540959 4932555 20718 0 7 17 8601 4.4885 155396 39 5.44624334383471 3.41896445164778
4542929 4932240 41362 0 7 16 9609 4.4885 95396 39 5.32605173879688 3.4197342793164
4543890 4930291 50390 0 8 16 11932 4.4885 58970 39 5.22517870700171 3.43954986804721
4542606 4928861 49265 0 7 15 12935 4.4885 60000 38.92 5.29996143198845 3.44147489250921
4541637 4930445 52359 0 7 16 10850 4.4885 103882 39 5.35131207660426 3.42775566357065
4540404 4931961 32006 1 8 16 9450 4.4885 169455 39 5.44624334383471 3.41896445164778
4540801 4928315 29521 0 7 16 12963 4.4885 82970 38.96 5.32829063408709 3.46583336627361
4539028 4927398 39487 0 8 17 14509 4.4885 56911 38.96 5.21846779256048 3.48985259145087
4537688 4927923 27290 0 7 17 14917 4.4885 93338 39 5.35363122441044 3.4634372278155
4535829 4928560 17184 0 7 17 16468 4.4885 86911 39 5.37012345615101 3.46047025140408
4536267 4926205 14062 4 10 17 17020 4.4885 49455 39 5.36185347855376 3.46249729543009
4535391 4925721 19537 0 11 16 18036 4.4753 25455 39 5.33912716297862 3.47122402634664
4536143 4923798 48571 0 13 16 19360 4.4753 12000 38.96 5.11334828008195 3.52187222200353
4538187 4922202 57871 0 14 15 20132 4.4753 6000 38.92 4.93605660327598 3.55748672798228
4539769 4929294 26906 1 6 16 12398 4.4885 120426 39 5.41777368732513 3.44338793107182
4545854 4927273 65343 0 9 13 15802 4.4885 0 38.74 4.91257025801617 3.50088885628924
4547358 4925519 62221 0 10 10 18072 4.4885 0 38.46 4.68462069930279 3.51496756588093
4546106 4923262 60825 0 11 10 19914 4.4885 0 38.36 4.69297725367854 3.53059927366995
4544546 4924920 64678 0 9 13 17643 4.4885 0 38.55 5.00762360000808 3.5042647028873
4543510 4925699 18937 4 8 13 16343 4.4885 22970 38.8 5.00762360000808 3.5042647028873
4543801 4926283 46875 4 8 15 15982 4.4885 45941 38.8 5.14892498519897 3.48488560936978
4542131 4923756 66075 0 11 13 17849 4.4885 6000 38.48 4.95414941026537 3.52365027580462
4540306 4924051 52096 0 11 15 17474 4.4885 0 38.88 4.92131324230374 3.54345916953076
4725162 4862240 26953 0 6 18 1446 3.3656 85455 33.35 3.40933929391995 2.00208290201995
4700669 4861369 2681 5 10 18 3744 3.387 94367 34.06 3.56604130556393 2.43613058251221
4706319 4860892 75 0 12 19 11301 3.3771 196367 34 3.56354803433924 2.45798823327729
4705874 4865763 64800 5 10 18 12562 3.3768 34970 34.12 3.47246701418443 2.36746333898056
4743726 4878878 13519 0 15 19 22577 3.3409 225941 33 3.53134986103264 1.91472625792338
4747535 4876353 36019 0 15 19 21554 3.3409 327161 33 3.45171897976023 1.78778596380774
4746710 4874281 6731 5 15 19 22307 3.3429 377646 33 3.45687807940527 1.8323547008587
4745076 4869794 178 0 18 19 21104 3.3429 348676 33 3.39745994653614 1.85304321309803
4778688 4904358 33216 0 11 19 22953 3.3325 22970 34 3.15041131649355 2.16923681215478
4779117 4901450 26250 0 8 19 19643 3.3325 98485 34 2.98965318217485 2.09073187670164
4776399 4900602 24450 0 8 19 18954 3.3325 150426 34 2.94237794561724 2.07025122589802
4774536 4895520 12216 0 9 19 14600 3.332 321338 33.87 2.90419490709405 1.96249843431912
4706936 4860981 178 4 12 19 11839 3.3771 204852 34 3.44080414644102 2.27513385695931
4700956 4860881 1688 1 10 18 3581 3.387 102852 34.06 3.56499745659231 2.43323044743883
4745610 4869876 178 4 18 19 21404 3.3429 357161 33 3.40112797483776 1.8538878488628
4743894 4873543 39356 4 14 19 19084 3.3429 275220 33 3.45408865776377 1.865854822048
4725575 4861846 11222 1 6 18 1473 3.3656 104911 33.35 3.40933929391995 2.00208290201995
4725574 4861846 11222 1 6 18 1473 3.3656 104911 33.35 3.40933929391995 2.00208290201995
4726846 4863188 6666 1 7 18 3601 3.3656 83396 33.21 3.41347186054423 2.00159421509189
4726212 4866686 2419 4 6 19 6381 3.3656 62911 33.17 3.42559059097361 2.02514307938769
4723536 4879920 74569 1 12 18 22584 3.3693 59396 33.16 3.9713553170071 2.35073263262053
4706179 4864272 11634 4 10 18 11533 3.3771 70970 34 3.47246701418443 2.36746333898056
4723581 4879895 74569 1 12 18 22584 3.3693 59396 33.16 3.9713553170071 2.35073263262053
4740124 4872532 39066 4 14 19 15054 3.3527 156852 33 3.46903268073019 1.88267466465116
4774055 4895217 10594 3 9 19 14609 3.332 338308 33.77 2.85817124883355 1.89414826562894
4776066 4901006 22922 5 8 19 19467 3.3325 149396 33.9 2.96751075627962 2.08075031038675
4778288 4904051 28931 5 11 19 22532 3.3325 18000 34 3.15041131649355 2.16923681215478
4781093 4905998 29644 5 13 19 24929 3.3304 37455 34 3.18988707502088 2.20011075649188
4771201 4910614 6844 4 16 19 30967 3.3335 39941 33.73 3.58330909172472 2.48239477384547
4775190 4909002 31659 5 14 19 27851 3.3335 6000 33.92 3.41555658848461 2.41174693720373
4767679 4912905 9056 4 18 19 34708 3.3385 69941 33.62 3.66593502633601 2.59523005698493
4769042 4902129 103 4 11 19 25731 3.3325 266558 33.6 3.03223533141837 2.10672762079656
4703008 4862675 5512 4 10 19 7330 3.387 189338 34 3.56354803433924 2.45798823327729
4761501 5034610 4472 1 3 19 1651 3.3542 165941 23.76 3.42491286388022 2.03862911420209
4757522 5033161 16256 0 4 19 3730 3.357 79455 23.2 3.36031825719587 2.01618872313588
4661939 4999568 9 5 10 18 5111 3.4871 191220 31.98 3.98956319023976 2.55056108754381
4633488 4984436 75 5 10 18 4376 3.7991 144426 38.36 4.91651034805854 3.05034613949788
4629390 4986469 47 4 14 18 3142 3.8304 287823 38.96 4.91725553178214 3.09930358014328
4704005 4864745 60338 4 10 18 10881 3.3916 96852 34.21 3.49998705126864 2.38165754947866
4747161 4873895 6731 1 15 19 22495 3.3429 387161 33 3.45875895542013 1.82471317657249
4746355 4875508 31397 5 14 19 22354 3.3409 350735 33 3.45488733049799 1.83841414432017
4747867 4875977 459 3 15 19 21668 3.3409 346617 33 3.45230355465145 1.78997412731864
4671843 5004432 19041 1 9 17 2327 3.4871 264676 30.01 4.10071115725074 2.62490293349994
4673730 5004558 42403 5 10 17 5742 3.4871 257823 29.38 4.08159097366588 2.61373019155045
4674226 5007761 8991 5 8 17 5595 3.4871 320558 29.03 4.0971642820357 2.59674059022155
4675284 5008661 18816 1 8 18 4918 3.4032 308984 29.03 4.09779746443708 2.60519564267039
4676258 5008836 4575 0 8 18 4080 3.4032 301529 29.03 4.09754011478049 2.60575559644988
4676987 5008573 4819 1 8 18 3470 3.4032 285587 29.03 4.09754011478049 2.60575559644988
4743520 4879253 6638 5 15 19 22903 3.3409 222426 33 3.55331067506483 1.92085139091759
4798209 4997795 28425 3 6 19 8051 3.3439 164911 36.51 3.25312185627615 2.13823830260835
4636053 4988926 18459 2 9 17 8870 3.7991 198676 37.34 4.79255903691499 2.92396693306726
4495553 4902113 1191 4 45 18 14037 5.2253 574794 28.65 5.7739494285961 4.10395756676583
4498802 4899154 2672 4 40 18 19317 5.1143 485043 29.6 5.73340247473142 4.07711727894078
4493930 4896174 9591 5 46 16 17455 5.2253 323396 27.58 5.76780240426456 4.1207516660509
4490718 4895956 6731 5 48 17 16562 5.2253 287396 26.97 5.81493763644486 4.17452481196968
4489717 4903224 338 4 47 17 9150 5.1467 522249 26.45 5.83265177958273 4.01494747832279
4488965 4900641 1800 5 48 17 12072 5.2253 469279 25.63 5.82858807373917 4.10753126292492
4486310 4900351 675 5 49 18 15009 5.3401 549764 25.63 5.82858807373918 4.10753126292492
4635871 4988698 18459 1 9 17 8508 3.7991 184190 37.34 4.79584328243102 2.92589442514327
4496764 4902713 769 4 42 18 14759 5.0244 615764 29.37 5.77120352401192 4.11201034895975
4635916 4988702 18459 1 9 17 8508 3.7991 184190 37.34 4.79584328243102 2.92589442514327
4641470 4990387 16950 1 9 17 4363 3.7465 169705 36.15 4.80874451538656 2.97803454580139
4642821 4992516 9759 1 10 17 992 3.7012 229279 35.96 4.81771901009493 2.98138916884794
4759438 5036542 4584 4 7 19 5935 3.3608 216426 23.76 3.45122842053234 2.04154927802808
4657947 4996311 9169 5 11 18 3005 3.6309 126852 32.79 4.02799688547548 2.71280904690763
4705833 4865762 64800 5 10 18 12562 3.3768 34970 34.12 3.47246701418443 2.36746333898056
4709092 4863331 54529 2 9 18 14766 3.37695 65183 34.025 3.44080414644102 2.27513385695931
4710626 4867467 66272 4 9 16 16946 3.3768 25455 34 3.51139189664294 2.3517768202091
4750802 4876032 7022 4 16 19 22819 3.3409 379741 33 3.44174114216796 1.73377041744463
4781747 4884746 375 5 19 19 2822 3.3306 649706 34 2.62388788874854 1.6937735152967
4775985 4885950 84 4 20 19 7559 3.3306 675338 33.83 2.79902844729293 1.81289802535032
4764933 5032621 16284 5 2 19 5894 3.3542 176735 24.79 3.26590227816177 1.89892004812162
4487399 4896605 797 4 51 18 16768 5.2253 322367 25.72 5.89284631192233 4.24410444317442
4484542 4897523 197 5 53 18 16074 5.3401 369161 25.11 5.95582299506075 4.30784058787451
4489362 4905423 975 4 49 17 7478 5.1467 613705 26.92 5.82390307781823 3.98852901025252
4495709 4899535 4631 5 43 18 15700 5.2253 447036 28.44 5.77598463620398 4.11162735799966
4496611 4900737 788 5 43 18 15760 5.1143 494735 28.44 5.77162791613518 4.09876075812492
4497606 4902357 244 4 42 18 15846 5.1143 600926 29.37 5.76787410021789 4.10821480989469
